56012
56029
55943
56025
56010
55996
55995
55893
55978
55976
55974
55970
55960
55958
55937
55939
55905
55884
55820
55811
55801
55851
55842
55837
55804
55798
55778
55776
55772
55760
55749
55735
55715
55702
55684
55691
55681
55664
55656
54095
55251
55642
55630
55629
55317
55576
55582
55570
46727
52558
55552
54693
55521
55527
55343
55342
55500
55494
55453
51526
55469
55454
55442
55438
55434
55354
55357
55400
55404
52092
55345
55333
55316
55312
55309
55287
55267
55291
55262
55259
55245
55250
55244
55240
55238
55228
55207
55231
55218
55217
55166
55210
55200
55186
55184
55183
55165
55181
55180
55174
55179
55177
53777
55160
55158
55159
55017
55151
55102
55125
55127
55126
55101
54745
53987
55073
55108
55109
55110
55052
55046
55035
54999
54997
54971
54964
54963
54961
54947
54944
55019
54984
54928
54955
54981
54974
54703
54906
54926
54888
54801
54178
54708
54781
54792
54800
54807
54822
54851
54755
54748
54732
54599
54724
54721
54710
54709
54712
54631
54702
54658
54660
54690
54671
54628
54624
54612
54638
54585
54602
54203
54552
54536
54239
54456
54521
54534
54513
54497
54496
53869
54476
54466
54458
54450
54448
54324
54438
54440
54406
54387
54379
54382
54381
54377
54380
54248
54284
54262
54370
54260
54256
54247
54241
54194
54150
54220
54217
54207
54198
54144
54143
54141
54087
54115
54124
54123
54127
54096
54076
54068
54067
53867
54054
54022
54017
54012
54045
54010
53993
53986
53854
53863
52777
53713
53828
53801
53800
53793
42181
53783
53758
53725
53714
53697
53702
53654
53624
53701
53700
53574
53545
53541
53481
53641
53607
53606
53535
53469
53529
53526
53523
53513
53498
45995
52135
53467
53416
53465
53460
53445
53430
53421
53450
53406
52954
53266
53398
52955
53374
53373
53367
53032
53230
53354
53339
53008
53337
53301
53285
53342
53225
53169
53322
53180
53081
53090
53074
53254
53067
53063
53087
53056
50864
52998
53001
52974
52833
52066
52957
52839
50860
51893
51237
52926
52723
52850
52776
52500
52719
52792
52772
52770
52767
52846
52732
52731
52729
52727
52726
52725
52724
52804
52760
52758
52671
52669
52666
52607
52606
52591
52586
52577
52587
52444
52547
52543
52511
52474
51408
52480
38216
52461
52445
52443
52245
52440
52328
52387
52326
52316
52303
52384
52356
52354
52213
52293
52321
52208
52028
52225
52173
50570
52156
52113
52051
52009
51972
51952
51956
51630
51910
51905
51872
51887
51860
51852
51580
51687
51811
51794
51698
51739
51712
51736
51704
51558
51713
51688
49683
51658
51654
51650
41673
51644
51640
51641
51615
51610
51614
51588
51586
51557
51545
51555
41709
51056
51532
51509
51518
49595
51503
51477
46252
51494
51475
51473
51467
51466
51453
51088
51436
50353
51447
51418
51403
51401
51396
49165
51386
48956
43538
51306
51348
51344
51340
51324
51251
51276
51277
51240
51226
27122
51185
35054
51220
51229
51212
51208
51156
51155
51154
50950
51099
51119
51124
51136
51095
50173
51042
51038
50997
50927
50929
50903
50887
50895
25060
26701
50855
50857
27988
28852
31027
50836
49284
50826
21669
19444
50189
50802
50780
50789
50790
50793
50713
50700
50771
50726
50759
50751
50752
50720
50721
50709
50673
50631
50325
50683
46819
50680
50679
50642
50646
50629
50620
50606
50613
50601
50598
50597
50600
50582
50591
18797
18462
15688
50333
49953
21157
50552
50554
50477
49543
50550
47319
50547
50453
50467
50541
50500
50025
50503
13731
10972
10526
49125
50460
50448
50408
48692
50358
49142
48837
50108
50207
50316
50308
50310
50293
50192
50230
50252
50183
50169
50222
50184
50232
50168
50127
49180
50157
50129
50138
50107
50105
49426
50087
50066
50063
50027
50059
50017
50016
49987
49986
49972
50054
49956
49952
49937
49985
49915
49905
49890
49861
49667
49856
49730
50021
50018
49195
49665
49625
49209
49102
49909
49924
49234
49892
49831
49883
49802
49876
49869
48967
49749
48738
49670
49721
49726
49750
49758
49757
49714
49655
49407
49613
49567
49617
48998
49127
49128
48960
49442
49478
49570
49503
49551
49550
49530
49536
49525
49522
49476
49443
49445
49376
48971
49360
49340
49299
49290
49221
49224
49226
49227
49228
49235
49240
49269
49241
49092
49207
49184
48689
49140
49143
49144
49164
49171
49170
43642
49141
49151
49150
49129
49118
49110
49109
49106
49105
49104
49103
49045
49089
49116
49086
49091
49075
49018
48648
49014
48983
48895
48717
48662
48934
44265
48760
48737
48729
48661
48582
48580
48498
48384
48371
48318
48726
48170
48109
48665
48643
48678
48551
48653
48647
48645
48516
48004
48421
48523
48517
48112
48424
48006
43819
48345
48454
48443
48399
47930
48387
47744
47537
48373
48370
48324
47502
48296
47342
48289
48288
48287
48285
48282
48267
48266
47836
48239
48248
48249
48049
47799
47462
47997
47718
48252
48234
48172
48197
48230
48217
48196
48176
48175
48174
48173
48151
48150
48149
48148
48147
48146
48143
48139
48137
48135
48133
48131
48123
48121
48120
48117
48119
48118
46947
48102
48104
47881
47331
47451
47364
48009
48019
40001
47320
47499
47866
47225
47161
46950
47828
47820
47826
47705
47378
47612
47583
47576
47569
47568
41824
46907
47518
41059
40551
47515
40380
47524
39231
47478
37933
37984
47440
47439
38352
47308
47389
47369
47343
47299
47158
47216
47234
47111
47050
47046
46925
37929
47013
42579
46354
46984
46961
46909
46562
46998
46997
46991
46990
46988
46986
46967
46958
46933
46982
41606
46822
46866
46875
46666
46696
39396
38570
38553
38197
46606
46564
46471
46462
46298
46261
46381
46357
46397
46403
46408
46247
42077
42693
42707
42673
46011
46047
42409
46051
46105
46075
46085
46096
45735
45977
45951
45933
45851
45026
45419
45441
45823
45618
45413
45628
45666
45648
45691
45074
44809
43327
45655
45608
41407
45576
45591
45453
45459
42727
42722
42678
45317
36155
45279
45101
42750
44986
42934
42943
43080
43191
43150
43142
43366
44877
43425
31257
29936
44380
44389
44391
44392
44408
44428
44595
44529
44673
44646
44558
44562
44337
43701
44282
44268
44223
43468
11117
43743
43758
43868
43285
42503
43914
43909
43944
44088
44084
43236
43241
43611
43622
43757
43706
43887
43893
43479
43453
43435
43356
30949
43216
42944
39212
42753
41722
42314
42547
42643
42497
42559
39875
42438
42459
42444
42361
42309
42308
42202
42071
42039
42119
42085
42072
41289
41703
41682
41166
41675
40150
41790
41752
41666
41739
41608
41578
41558
41521
41466
39572
41265
40524
41217
41327
40820
41074
40585
41089
41057
41008
40901
40929
40860
37509
40844
40913
34956
40817
37458
40723
40771
39724
29727
40625
40518
34399
34509
33356
31804
38713
40306
38676
39592
39689
34801
40012
39769
39699
